       101  0.000000  0.100000  0.200000  0.300000  0.400000  0.500000  0.600000  0.700000  0.800000  0.900000  1.000000
  0.000000  0.000000  0.000000  0.000000  0.000000  0.000000  0.000000  0.000000  0.000000  0.000000  0.000000  0.000000
  1.000000  0.000000  0.003141  0.006281  0.009422  0.012563  0.015703  0.018844  0.021986  0.025127  0.028269  0.031411
  2.000000  0.000000  0.006278  0.012556  0.018834  0.025113  0.031391  0.037670  0.043950  0.050229  0.056510  0.062791
  3.000000  0.000000  0.009409  0.018819  0.028228  0.037638  0.047048  0.056459  0.065870  0.075282  0.084695  0.094108
  4.000000  0.000000  0.012531  0.025063  0.037594  0.050126  0.062659  0.075192  0.087726  0.100261  0.112796  0.125333
  5.000000  0.000000  0.015641  0.031282  0.046923  0.062565  0.078208  0.093851  0.109495  0.125140  0.140787  0.156434
  6.000000  0.000000  0.018735  0.037470  0.056206  0.074942  0.093679  0.112417  0.131156  0.149896  0.168638  0.187381
  7.000000  0.000000  0.021811  0.043622  0.065433  0.087245  0.109058  0.130872  0.152687  0.174504  0.196323  0.218143
  8.000000  0.000000  0.024865  0.049730  0.074596  0.099462  0.124330  0.149198  0.174068  0.198940  0.223814  0.248690
  9.000000  0.000000  0.027895  0.055789  0.083685  0.111581  0.139478  0.167377  0.195277  0.223180  0.251084  0.278991
 10.000000  0.000000  0.030897  0.061794  0.092691  0.123590  0.154489  0.185391  0.216294  0.247199  0.278107  0.309017
 11.000000  0.000000  0.033868  0.067737  0.101606  0.135476  0.169348  0.203221  0.237097  0.270974  0.304855  0.338738
 12.000000  0.000000  0.036806  0.073613  0.110421  0.147229  0.184040  0.220851  0.257666  0.294482  0.331302  0.368125
 13.000000  0.000000  0.039708  0.079417  0.119127  0.158837  0.198549  0.238264  0.277980  0.317700  0.357422  0.397148
 14.000000  0.000000  0.042571  0.085142  0.127715  0.170288  0.212863  0.255441  0.298021  0.340603  0.383189  0.425779
 15.000000  0.000000  0.045392  0.090784  0.136177  0.181571  0.226967  0.272366  0.317767  0.363171  0.408579  0.453990
 16.000000  0.000000  0.048168  0.096336  0.144504  0.192675  0.240847  0.289022  0.337199  0.385380  0.433565  0.481754
 17.000000  0.000000  0.050896  0.101792  0.152690  0.203588  0.254489  0.305393  0.356299  0.407209  0.458123  0.509041
 18.000000  0.000000  0.053574  0.107148  0.160724  0.214301  0.267880  0.321462  0.375047  0.428636  0.482229  0.535827
 19.000000  0.000000  0.056199  0.112399  0.168600  0.224802  0.281007  0.337215  0.393425  0.449640  0.505859  0.562083
 20.000000  0.000000  0.058769  0.117538  0.176309  0.235082  0.293856  0.352634  0.411415  0.470200  0.528990  0.587785
 21.000000  0.000000  0.061281  0.122562  0.183845  0.245129  0.306416  0.367706  0.428999  0.490297  0.551599  0.612907
 22.000000  0.000000  0.063732  0.127465  0.191199  0.254934  0.318673  0.382414  0.446159  0.509909  0.573664  0.637424
 23.000000  0.000000  0.066120  0.132241  0.198364  0.264488  0.330615  0.396745  0.462879  0.529018  0.595162  0.661312
 24.000000  0.000000  0.068444  0.136888  0.205333  0.273781  0.342231  0.410685  0.479143  0.547605  0.616073  0.684547
 25.000000  0.000000  0.070699  0.141399  0.212100  0.282804  0.353510  0.424219  0.494933  0.565652  0.636376  0.707107
 26.000000  0.000000  0.072885  0.145771  0.218658  0.291547  0.364439  0.437335  0.510235  0.583140  0.656051  0.728969
 27.000000  0.000000  0.074999  0.149999  0.225000  0.300003  0.375009  0.450019  0.525034  0.600053  0.675079  0.750111
 28.000000  0.000000  0.077039  0.154078  0.231119  0.308163  0.385209  0.462259  0.539314  0.616374  0.693440  0.770513
 29.000000  0.000000  0.079003  0.158006  0.237011  0.316018  0.395029  0.474043  0.553062  0.632087  0.711117  0.790155
 30.000000  0.000000  0.080889  0.161778  0.242669  0.323562  0.404459  0.485359  0.566264  0.647175  0.728093  0.809017
 31.000000  0.000000  0.082695  0.165390  0.248087  0.330787  0.413489  0.496196  0.578908  0.661625  0.744349  0.827081
 32.000000  0.000000  0.084419  0.168839  0.253260  0.337685  0.422112  0.506543  0.590980  0.675422  0.759871  0.844328
 33.000000  0.000000  0.086060  0.172121  0.258184  0.344249  0.430318  0.516391  0.602469  0.688553  0.774644  0.860742
 34.000000  0.000000  0.087616  0.175234  0.262853  0.350474  0.438099  0.525729  0.613363  0.701004  0.788651  0.876307
 35.000000  0.000000  0.089086  0.178173  0.267262  0.356353  0.445448  0.534548  0.623652  0.712763  0.801881  0.891007
 36.000000  0.000000  0.090468  0.180937  0.271407  0.361881  0.452358  0.542839  0.633326  0.723819  0.814319  0.904827
 37.000000  0.000000  0.091761  0.183522  0.275285  0.367051  0.458821  0.550595  0.642374  0.734160  0.825953  0.917755
 38.000000  0.000000  0.092963  0.185926  0.278891  0.371859  0.464831  0.557807  0.650789  0.743777  0.836773  0.929776
 39.000000  0.000000  0.094073  0.188146  0.282222  0.376300  0.470382  0.564469  0.658561  0.752660  0.846766  0.940881
 40.000000  0.000000  0.095090  0.190181  0.285274  0.380370  0.475470  0.570574  0.665684  0.760800  0.855924  0.951057
 41.000000  0.000000  0.096014  0.192028  0.288045  0.384064  0.480088  0.576116  0.672149  0.768189  0.864237  0.960294
 42.000000  0.000000  0.096843  0.193686  0.290531  0.387380  0.484232  0.581089  0.677951  0.774821  0.871698  0.968583
 43.000000  0.000000  0.097576  0.195153  0.292731  0.390313  0.487898  0.585488  0.683084  0.780687  0.878298  0.975917
 44.000000  0.000000  0.098213  0.196426  0.294642  0.392861  0.491083  0.589310  0.687543  0.785783  0.884031  0.982287
 45.000000  0.000000  0.098753  0.197506  0.296262  0.395021  0.493783  0.592551  0.691324  0.790104  0.888892  0.987688
 46.000000  0.000000  0.099195  0.198392  0.297590  0.396791  0.495996  0.595206  0.694422  0.793645  0.892875  0.992115
 47.000000  0.000000  0.099540  0.199081  0.298624  0.398170  0.497720  0.597274  0.696835  0.796402  0.895978  0.995562
 48.000000  0.000000  0.099786  0.199574  0.299363  0.399156  0.498952  0.598753  0.698560  0.798374  0.898196  0.998027
 49.000000  0.000000  0.099934  0.199870  0.299807  0.399747  0.499692  0.599641  0.699596  0.799558  0.899528  0.999507
 50.000000  0.000000  0.099984  0.199968  0.299955  0.399945  0.499938  0.599937  0.699941  0.799953  0.899972  1.000000
 51.000000  0.000000  0.099934  0.199870  0.299807  0.399747  0.499692  0.599641  0.699596  0.799558  0.899528  0.999507
 52.000000  0.000000  0.099786  0.199574  0.299363  0.399156  0.498952  0.598753  0.698560  0.798374  0.898196  0.998027
 53.000000  0.000000  0.099540  0.199081  0.298624  0.398170  0.497720  0.597274  0.696835  0.796402  0.895978  0.995562
 54.000000  0.000000  0.099195  0.198392  0.297590  0.396791  0.495996  0.595206  0.694422  0.793645  0.892875  0.992115
 55.000000  0.000000  0.098753  0.197506  0.296262  0.395021  0.493783  0.592551  0.691324  0.790104  0.888892  0.987688
 56.000000  0.000000  0.098213  0.196426  0.294642  0.392861  0.491083  0.589310  0.687543  0.785783  0.884031  0.982287
 57.000000  0.000000  0.097576  0.195153  0.292731  0.390313  0.487898  0.585488  0.683084  0.780687  0.878298  0.975917
 58.000000  0.000000  0.096843  0.193686  0.290531  0.387380  0.484232  0.581089  0.677951  0.774821  0.871698  0.968583
 59.000000  0.000000  0.096014  0.192028  0.288045  0.384064  0.480088  0.576116  0.672149  0.768189  0.864237  0.960294
 60.000000  0.000000  0.095090  0.190181  0.285274  0.380370  0.475470  0.570574  0.665684  0.760800  0.855924  0.951057
 61.000000  0.000000  0.094073  0.188146  0.282222  0.376300  0.470382  0.564469  0.658561  0.752660  0.846766  0.940881
 62.000000  0.000000  0.092963  0.185926  0.278891  0.371859  0.464831  0.557807  0.650789  0.743777  0.836773  0.929776
 63.000000  0.000000  0.091761  0.183522  0.275285  0.367051  0.458821  0.550595  0.642374  0.734160  0.825953  0.917755
 64.000000  0.000000  0.090468  0.180937  0.271407  0.361881  0.452358  0.542839  0.633326  0.723819  0.814319  0.904827
 65.000000  0.000000  0.089086  0.178173  0.267262  0.356353  0.445448  0.534548  0.623652  0.712763  0.801881  0.891007
 66.000000  0.000000  0.087616  0.175234  0.262853  0.350474  0.438099  0.525729  0.613363  0.701004  0.788651  0.876307
 67.000000  0.000000  0.086060  0.172121  0.258184  0.344249  0.430318  0.516391  0.602469  0.688553  0.774644  0.860742
 68.000000  0.000000  0.084419  0.168839  0.253260  0.337685  0.422112  0.506543  0.590980  0.675422  0.759871  0.844328
 69.000000  0.000000  0.082695  0.165390  0.248087  0.330787  0.413489  0.496196  0.578908  0.661625  0.744349  0.827081
 70.000000  0.000000  0.080889  0.161778  0.242669  0.323562  0.404459  0.485359  0.566264  0.647175  0.728093  0.809017
 71.000000  0.000000  0.079003  0.158006  0.237011  0.316018  0.395029  0.474043  0.553062  0.632087  0.711117  0.790155
 72.000000  0.000000  0.077039  0.154078  0.231119  0.308163  0.385209  0.462259  0.539314  0.616374  0.693440  0.770513
 73.000000  0.000000  0.074999  0.149999  0.225000  0.300003  0.375009  0.450019  0.525034  0.600053  0.675079  0.750111
 74.000000  0.000000  0.072885  0.145771  0.218658  0.291547  0.364439  0.437335  0.510235  0.583140  0.656051  0.728969
 75.000000  0.000000  0.070699  0.141399  0.212100  0.282804  0.353510  0.424219  0.494933  0.565652  0.636376  0.707107
 76.000000  0.000000  0.068444  0.136888  0.205333  0.273781  0.342231  0.410685  0.479143  0.547605  0.616073  0.684547
 77.000000  0.000000  0.066120  0.132241  0.198364  0.264488  0.330615  0.396745  0.462879  0.529018  0.595162  0.661312
 78.000000  0.000000  0.063732  0.127465  0.191199  0.254934  0.318673  0.382414  0.446159  0.509909  0.573664  0.637424
 79.000000  0.000000  0.061281  0.122562  0.183845  0.245129  0.306416  0.367706  0.428999  0.490297  0.551599  0.612907
 80.000000  0.000000  0.058769  0.117538  0.176309  0.235082  0.293856  0.352634  0.411415  0.470200  0.528990  0.587785
 81.000000  0.000000  0.056199  0.112399  0.168600  0.224802  0.281007  0.337215  0.393425  0.449640  0.505859  0.562083
 82.000000  0.000000  0.053574  0.107148  0.160724  0.214301  0.267880  0.321462  0.375047  0.428636  0.482229  0.535827
 83.000000  0.000000  0.050896  0.101792  0.152690  0.203588  0.254489  0.305393  0.356299  0.407209  0.458123  0.509041
 84.000000  0.000000  0.048168  0.096336  0.144504  0.192675  0.240847  0.289022  0.337199  0.385380  0.433565  0.481754
 85.000000  0.000000  0.045392  0.090784  0.136177  0.181571  0.226967  0.272366  0.317767  0.363171  0.408579  0.453990
 86.000000  0.000000  0.042571  0.085142  0.127715  0.170288  0.212863  0.255441  0.298021  0.340603  0.383189  0.425779
 87.000000  0.000000  0.039708  0.079417  0.119127  0.158837  0.198549  0.238264  0.277980  0.317700  0.357422  0.397148
 88.000000  0.000000  0.036806  0.073613  0.110421  0.147229  0.184040  0.220851  0.257666  0.294482  0.331302  0.368125
 89.000000  0.000000  0.033868  0.067737  0.101606  0.135476  0.169348  0.203221  0.237097  0.270974  0.304855  0.338738
 90.000000  0.000000  0.030897  0.061794  0.092691  0.123590  0.154489  0.185391  0.216294  0.247199  0.278107  0.309017
 91.000000  0.000000  0.027895  0.055789  0.083685  0.111581  0.139478  0.167377  0.195277  0.223180  0.251084  0.278991
 92.000000  0.000000  0.024865  0.049730  0.074596  0.099462  0.124330  0.149198  0.174068  0.198940  0.223814  0.248690
 93.000000  0.000000  0.021811  0.043622  0.065433  0.087245  0.109058  0.130872  0.152687  0.174504  0.196323  0.218143
 94.000000  0.000000  0.018735  0.037470  0.056206  0.074942  0.093679  0.112417  0.131156  0.149896  0.168638  0.187381
 95.000000  0.000000  0.015641  0.031282  0.046923  0.062565  0.078208  0.093851  0.109495  0.125140  0.140787  0.156434
 96.000000  0.000000  0.012531  0.025063  0.037594  0.050126  0.062659  0.075192  0.087726  0.100261  0.112796  0.125333
 97.000000  0.000000  0.009409  0.018819  0.028228  0.037638  0.047048  0.056459  0.065870  0.075282  0.084695  0.094108
 98.000000  0.000000  0.006278  0.012556  0.018834  0.025113  0.031391  0.037670  0.043950  0.050229  0.056510  0.062791
 99.000000  0.000000  0.003141  0.006281  0.009422  0.012563  0.015703  0.018844  0.021986  0.025127  0.028269  0.031411
100.000000  0.000000  0.000000  0.000000  0.000000  0.000000  0.000000  0.000000  0.000000  0.000000  0.000000  0.000000
