        0.00  .1 .2 .3 .4 .5 .6 .7 .8 .9   1.118034    1.538842    1.118034    0.363271    0.000000    0.363271    1.118034    1.538842    1.118034
        0.01  .1 .2 .3 .4 .5 .6 .7 .8 .9   0.616905    0.928778    0.862137    0.617659    0.490465    0.617659    0.862137    0.928778    0.616905
        0.02  .1 .2 .3 .4 .5 .6 .7 .8 .9   0.394184    0.647957    0.718601    0.680009    0.648834    0.680009    0.718601    0.647957    0.394184
        0.03  .1 .2 .3 .4 .5 .6 .7 .8 .9   0.288660    0.506682    0.625285    0.666493    0.673251    0.666493    0.625285    0.506682    0.288660
        0.04  .1 .2 .3 .4 .5 .6 .7 .8 .9   0.233112    0.425766    0.556006    0.625082    0.645788    0.625082    0.556006    0.425766    0.233112
        0.05  .1 .2 .3 .4 .5 .6 .7 .8 .9   0.199450    0.372035    0.499571    0.575402    0.600242    0.575402    0.499571    0.372035    0.199450
        0.06  .1 .2 .3 .4 .5 .6 .7 .8 .9   0.175881    0.331490    0.451058    0.525306    0.550354    0.525306    0.451058    0.331490    0.175881
        0.07  .1 .2 .3 .4 .5 .6 .7 .8 .9   0.157405    0.298131    0.408178    0.477784    0.501545    0.477784    0.408178    0.298131    0.157405
        0.08  .1 .2 .3 .4 .5 .6 .7 .8 .9   0.141858    0.269300    0.369759    0.433821    0.455802    0.433821    0.369759    0.269300    0.141858
        0.09  .1 .2 .3 .4 .5 .6 .7 .8 .9   0.128262    0.243749    0.335117    0.393597    0.413709    0.393597    0.335117    0.243749    0.128262
        0.10  .1 .2 .3 .4 .5 .6 .7 .8 .9   0.116144    0.220827    0.303787    0.356974    0.375286    0.356974    0.303787    0.220827    0.116144
