        0        0.00        0.20        0.40        0.60        0.80        1.00
        0.00    0.000000    0.640000    0.960000    0.960000    0.640000    0.000000
        0.02    0.000000    0.480000    0.800000    0.800000    0.480000    0.000000
        0.04    0.000000    0.400000    0.640000    0.640000    0.400000    0.000000
        0.06    0.000000    0.320000    0.520000    0.520000    0.320000    0.000000
        0.08    0.000000    0.260000    0.420000    0.420000    0.260000    0.000000
        0.10    0.000000    0.210000    0.340000    0.340000    0.210000    0.000000
        0.12    0.000000    0.170000    0.275000    0.275000    0.170000    0.000000
        0.14    0.000000    0.137500    0.222500    0.222500    0.137500    0.000000
        0.16    0.000000    0.111250    0.180000    0.180000    0.111250    0.000000
        0.18    0.000000    0.090000    0.145625    0.145625    0.090000    0.000000
        0.20    0.000000    0.072813    0.117813    0.117813    0.072813    0.000000
